13834092
26993200
75731075
86188178
86188178
101466444
101466444
159492408
159492408
164171636
164171636
164171636
197690017
197690017
243116599
243116599
251580504
257112337
275846668
278303510
278303510
285629747
290698863
291875604
301633654
301633654
331188673
331188673
357241608
357241608
368357726
370003645
373682245
379873255
410824749
420776438
440859276
440859276
461530563
461530563
467641911
467641911
468560437
481827140
481827140
486387207
486387207
492990806
492990806
493859589
493859589
521847745
524148873
543442162
543442162
569100192
569100192
613183674
620014308
620177149
627872898
649225411
649225411
649225411
663763915
676408300
676408300
696565584
696565584
696565584
696565584
696565584
696565584
696565584
696565584
696565584
705173963
741413260
743859985
752751521
752751521
766405391
769135381
769135381
798329020
826148065
826148065
826148065
839874169
859751620
859751620
884139530
906473245
906473245
906473245
908280205
908280205
922042702
922210940
927268068
928893979
936086028
936086028
942753293
942753293
942753293
950545260
950545260
982055600
982055600
990028446
990028446
1042325660
1042325660
2159810422
2264647738
2335663379
2377919483
2428252220
2528917964
2606779052
2606779055
2904599598
2939812048
3279627834
3423004692
3479593869
3502567368
3563482044
3563623076
3605940039
3664147785
4138327732
4155561614